K=3

mu =

   34.8440   14.0769   49.3074
  -15.3869   -4.1710   -5.2489
   21.2605    7.3424   13.8145


var(:,:,1) =

    8.7043    0.0657    0.0641
    0.0657    0.8777   -0.2771
    0.0641   -0.2771    1.5533


var(:,:,2) =

   97.6492  -51.3688   75.4591
  -51.3688   37.8487  -47.4382
   75.4591  -47.4382   66.8156


var(:,:,3) =

  374.1592   44.4954   -7.8564
   44.4954   19.4424  -16.5394
   -7.8564  -16.5394   31.1155


alpha =

    0.8610    0.0916    0.0474


K=4

mu =

   40.8881   36.3097    7.1095   32.1019
   -6.0496  -15.3531    0.0937  -15.3743
   13.1844   20.9785    1.5628   21.7586


var(:,:,1) =

  443.9839   46.5808    8.4679
   46.5808   18.6270  -12.6415
    8.4679  -12.6415   23.8782


var(:,:,2) =

    3.2319   -0.0702    0.3766
   -0.0702    0.5595   -0.2565
    0.3766   -0.2565    1.2009


var(:,:,3) =

    9.1439   -0.0273    4.1981
   -0.0273    5.0165   -3.4935
    4.1981   -3.4935    7.0335


var(:,:,4) =

    8.4810   -0.0152    1.8727
   -0.0152    1.7181   -0.2661
    1.8727   -0.2661    1.9349


alpha =

    0.0671    0.5517    0.0555    0.3256

K=5

mu =

   35.3751    5.6684   30.8348   59.8067   20.9090
  -15.3841    0.5415  -15.0843   -3.0283   -5.7381
   21.1866    0.3591   21.7278   12.4498   10.1451


var(:,:,1) =

    6.3506   -0.0214    0.1245
   -0.0214    0.6779   -0.2787
    0.1245   -0.2787    1.4275


var(:,:,2) =

    1.6598    0.9508   -0.7017
    0.9508    2.0775   -1.0830
   -0.7017   -1.0830    2.3890


var(:,:,3) =

   11.1795    0.5768    3.0286
    0.5768    3.3383   -0.4481
    3.0286   -0.4481    2.7324


var(:,:,4) =

  298.8435   15.7556   15.2855
   15.7556    7.7106   -6.2365
   15.2855   -6.2365   24.1803


var(:,:,5) =

  106.8579  -29.4911   44.9567
  -29.4911   25.3200  -24.9448
   44.9567  -24.9448   31.7533


alpha =

    0.7548    0.0386    0.1264    0.0291    0.0511